0.0149485,0.0104624
19.2755087,-99.0838618
19.2758828,-99.0837806
19.2762527,-99.0837982
19.2765949,-99.0837211
19.2769319,-99.0834726
19.2772188,-99.0833288
19.2775173,-99.0831724
19.2778089,-99.0828969
19.2781309,-99.0826135
19.278425,-99.0825023
19.2787079,-99.0822163
19.2790381,-99.0820698
19.2793364,-99.0817882
19.2796476,-99.0816634
19.279966,-99.0813656
19.2802761,-99.081226
19.2805577,-99.0809208
19.2808731,-99.0807828
19.2811958,-99.080632
19.2814949,-99.0803182
19.2818175,-99.0801726
19.282103,-99.0798528
19.2824137,-99.0797135
19.2821933,-99.0789029
19.2816535,-99.0785195
19.2814313,-99.0786812
19.2812041,-99.0791187
19.2809615,-99.0793024
19.2806775,-99.0796528
19.2803929,-99.0798196
19.2800932,-99.0799869
19.2797751,-99.0802963
19.279494,-99.0804575
19.2791643,-99.0805993
19.2788599,-99.0809506
19.2785816,-99.081118
19.2782689,-99.0812661
19.2779666,-99.0814431
19.2776875,-99.081788
19.2773855,-99.0819631
19.2770599,-99.082121
19.2767588,-99.0822701
19.2764533,-99.0825427
19.276141,-99.082691
19.2758351,-99.0828588
19.2755501,-99.0831899
19.2747188,-99.0822951
19.2747784,-99.0819749
19.2750569,-99.0817351
19.2753626,-99.0814921
19.2756841,-99.0812792
19.2759821,-99.0811202
19.276289,-99.0808029
19.2765701,-99.0806613
19.2768823,-99.0803599
19.2771906,-99.0802139
19.2775019,-99.0800914
19.2777834,-99.0798173
19.2780914,-99.0796719
19.2783767,-99.0793739
19.2786987,-99.0792363
19.2789838,-99.0789628
19.2792866,-99.0788132
19.2795941,-99.0785365
19.2799038,-99.0783811
19.2801945,-99.0782258
19.280518,-99.0779374
19.2808294,-99.0777859
19.2811307,-99.0774981
19.2814489,-99.0773562
19.2814099,-99.0764094
19.2809505,-99.0761946
19.2806604,-99.0764493
19.2804264,-99.0766752
19.2801648,-99.0768632
19.2799146,-99.07727
19.2796246,-99.0774609
19.2793189,-99.0777582
19.279001,-99.0779177
19.2787147,-99.0780539
19.2784014,-99.0783624
19.2780798,-99.0784924
19.277779,-99.0786552
19.2774676,-99.078966
19.2771475,-99.0791426
19.2768285,-99.079299
19.2765419,-99.0796383
19.2762361,-99.0798073
19.2759084,-99.079968
19.2755905,-99.080107
19.2753011,-99.0804289
19.2749745,-99.0805876
19.2746664,-99.0807409
19.2738301,-99.0801188
19.2739609,-99.0794533
19.2742444,-99.0792387
19.2745914,-99.0790602
19.2749407,-99.0789731
19.2752183,-99.078691
19.2755467,-99.0785199
19.2758409,-99.0781989
19.2761486,-99.0780497
19.2764239,-99.0779025
19.2767336,-99.0776007
19.277039,-99.0774867
19.277357,-99.077226
19.2776329,-99.0770799
19.277967,-99.0767855
19.2782624,-99.0766557
19.2785884,-99.0763357
19.2788671,-99.0761787
19.2792183,-99.0760079
19.2795143,-99.0758461
19.2798354,-99.07553
19.2801248,-99.0753754
19.280442,-99.0752156
19.2807301,-99.0749161
19.2803383,-99.0741714
19.2798798,-99.0739991
19.2796038,-99.0741119
19.279359,-99.0744745
19.279128,-99.0746882
19.2788619,-99.0750787
19.2785518,-99.0752691
19.2782589,-99.0755516
19.277932,-99.0756962
19.2776413,-99.0758557
19.2773353,-99.0761911
19.2769986,-99.0763798
19.2767191,-99.0765834
19.2763964,-99.0767894
19.2761118,-99.0769736
19.2757591,-99.0771411
19.275451,-99.0774475
19.2751552,-99.0776158
19.2748432,-99.0777548
19.2745236,-99.077916
19.2741966,-99.0781991
19.2738739,-99.078351
19.2728576,-99.077624
19.2729855,-99.0772721
19.2732885,-99.0769224
19.2736419,-99.0768663
19.2738218,-99.0787636
19.2741488,-99.0792219
19.2744156,-99.079125
19.2746468,-99.0786871
19.2748653,-99.0784484
19.2751095,-99.0782392
19.275389,-99.0779018
19.2757169,-99.0776105
19.2760236,-99.0774687
19.2763456,-99.0771893
19.2766346,-99.0770338
19.2769302,-99.0769003
19.2772392,-99.0765839
19.2775474,-99.0764081
19.2778698,-99.0762561
19.2781725,-99.0759782
19.2784553,-99.0758136
19.2787623,-99.0756445
19.2790796,-99.0753454
19.2793846,-99.0751911
19.2797211,-99.0749278
19.2800381,-99.0747884
19.2803477,-99.0746124
19.2811114,-99.0752961
19.2810722,-99.0757367
19.2807855,-99.0759715
19.2804729,-99.0762942
19.2801179,-99.0764035
19.2798186,-99.0765101
19.2795107,-99.0768387
19.2792099,-99.0770099
19.2788829,-99.0771724
19.2785776,-99.077327
19.2782669,-99.0776411
19.277958,-99.0777898
19.2776792,-99.0779483
19.2773838,-99.0782638
19.277086,-99.0784088
19.2767738,-99.0785652
19.2764214,-99.0788631
19.2761249,-99.0790255
19.2758211,-99.0791762
19.2755283,-99.0794988
19.2752221,-99.0796508
19.2748885,-99.0798025
19.2745647,-99.0800996
19.2742692,-99.0802643
19.2745053,-99.0812773
19.2748643,-99.0814035
19.2751565,-99.0811735
19.275437,-99.0809794
19.2757194,-99.0806357
19.276031,-99.0804793
19.2763435,-99.0802064
19.2766464,-99.0800673
19.2769217,-99.0798004
19.2772491,-99.0796594
19.2775652,-99.0793882
19.2778597,-99.0792373
19.2781709,-99.0789738
19.2784606,-99.0788505
19.2787763,-99.0785449
19.2790699,-99.0784206
19.2793994,-99.0781329
19.2797057,-99.0779964
19.2800263,-99.0777295
19.2803155,-99.0775653
19.2806217,-99.077423
19.2809104,-99.077136
19.2812252,-99.0769844
19.2819324,-99.0778177
19.2818546,-99.0780696
19.2815873,-99.0784689
19.2812528,-99.0786106
19.2809286,-99.0787225
19.2805732,-99.0788595
19.280248,-99.0791595
19.279987,-99.0793416
19.2796694,-99.0795242
19.2793605,-99.0796964
19.2790335,-99.0800582
19.2787389,-99.0802129
19.2784358,-99.0803758
19.2781445,-99.0805235
19.2778298,-99.080884
19.2775341,-99.0810743
19.2772248,-99.0812293
19.2769198,-99.081403
19.2765711,-99.0815756
19.27626,-99.0817421
19.2759644,-99.0821093
19.2756249,-99.0822857
19.2753269,-99.0824575
19.275357,-99.0835065
19.2757294,-99.0837469
19.2760431,-99.0836138
19.2763158,-99.0834006
19.2765925,-99.0831697
19.2768689,-99.0827849
19.277188,-99.082622
19.2774567,-99.0824636
19.2777754,-99.0821752
19.2780682,-99.0820203
19.2783804,-99.0817455
19.2786937,-99.081631
19.2789878,-99.0813792
19.2793074,-99.0812348
19.2796208,-99.0809313
19.2799134,-99.0807966
19.2802157,-99.0805322
19.2805344,-99.0804019
19.2808521,-99.0801221
19.2811445,-99.0799879
19.2814654,-99.0796944
19.2817886,-99.0795623
19.2820911,-99.0792756
19.2771312,-99.0754957
19.2768023,-99.0753734
19.2765024,-99.0755014
19.276244,-99.0758905
19.2759657,-99.0760889
19.2756836,-99.0762805
19.275382,-99.0765677
19.2750452,-99.0766999
19.2747396,-99.077023
19.2744392,-99.0771769
19.2741324,-99.0773441
19.273824,-99.0775125
19.2734782,-99.0778431
